community:31 167(682,322),39(523,420)
community:30 174(690,318),32(215,224)
community:33 136(721,275),63(307,271)
community:32 159(682,322),150(683,322)
community:35 90(638,432),68(743,260)
community:34 114(704,302),113(458,328)
community:17 40(638,430),12(198,310),165(553,379),142(422,245),199(693,333)
community:16 104(623,449),48(474,434),181(528,422),77(444,297)
community:15 105(249,380),82(467,423),52(531,423),4(248,385),126(230,374)
community:14 149(248,380),24(555,229),179(558,239),132(445,359),21(605,304)
community:13 153(682,323),1(285,267),83(735,296),147(676,324),53(280,263)
community:12 166(683,322),152(309,374),30(718,304),134(690,354),25(638,430)
community:11 168(523,420),144(590,410),108(466,454),76(722,280),195(640,466)
community:10 185(604,360),17(719,305),148(523,420),65(731,296),14(690,359)
community:19 178(695,332),66(468,440),122(695,328),99(531,423),173(468,440)
community:18 196(402,277),18(546,347),154(695,332),124(582,291)
community:28 28(507,317),91(297,390),71(746,298)
community:29 180(428,282),79(681,367)
community:26 54(559,236),60(676,324),23(227,342),20(546,347)
community:27 42(719,305),11(660,318),92(637,392),62(619,373)
community:24 117(638,430),43(454,301),125(766,268)
community:25 112(689,360),67(252,329),95(747,298),119(528,422)
community:22 155(766,267),146(690,334),189(605,384)
community:23 123(734,285),106(555,229),188(295,377),55(623,451),80(271,244)
community:20 170(681,342),85(630,405),96(202,254),13(638,433)
community:21 163(265,339),138(708,264),57(623,451),102(688,349)
community:9 101(706,298),97(201,224),120(716,305),162(422,252),100(295,359)
community:8 103(296,257),169(747,298),73(724,268),58(522,420),59(232,374)
community:7 129(570,261),127(741,298),9(205,227),31(201,224),15(302,358)
community:6 131(676,324),49(616,363),3(227,277),7(643,450),74(361,356)
community:5 137(492,422),145(606,268),19(586,341),175(719,305),116(233,283)
community:4 44(695,328),0(636,426),38(626,337),107(638,430),94(422,344)
community:3 98(201,224),16(454,310),35(690,326),135(231,374),115(248,385)
community:2 160(766,239),72(682,322),193(523,420),130(506,290),133(517,414)
community:1 157(245,371),194(630,384),109(630,405),111(555,399),176(552,230)
community:0 197(610,402),33(468,440),164(710,304),69(206,226),8(735,296)
